54 11000010101 
57 11000010100 
59 11000010111 
60 11000010110 
62 11000010001 
64 110000110 
65 110000001 
66 110000000 
67 101000010 
68 1100110101 
69 10000000 
70 1111111111 
71 11001001 
72 110000011 
73 1000011 
74 11100111 
75 11001000 
76 10111111 
77 11100110 
78 10110010 
79 110000010 
80 1000010 
81 1111 
82 10111110 
83 111111110 
84 101001101 
85 10100000 
86 11001011 
87 1110 
88 1111111110 
89 1001101 
90 10000011 
91 1111011 
92 101001100 
93 11001010 
94 1001100 
95 10101 
96 1111010 
97 1001111 
98 10010101 
99 1100110100 
100 11100001 
101 10000010 
102 10001101 
103 10001100 
104 11110101 
105 111111001 
106 10010100 
107 111111000 
108 11110100 
109 11110111 
110 10100011 
111 10010100 
112 1001110 
113 10010111 
114 11100000 
115 101001111 
116 11110110 
117 10010110 
118 10100 
119 11110001 
120 10111 
121 10010001 
122 10100010 
123 10010001 
124 11100011 
125 110001101 
126 101001110 
127 101001001 
128 111111011 
129 111111010 
130 10110 
131 111100101 
132 10010000 
133 1111111001 
134 11110000 
135 10001 
136 10010011 
137 10001111 
138 10001110 
139 11110011 
140 10010010 
141 110001100 
142 1111111000 
143 111100100 
144 10011101 
145 111100111 
146 10011100 
147 10011111 
148 11110010 
149 110001111 
150 10001001 
151 1111111011 
152 110001110 
153 10001000 
154 10011110 
155 10000 
156 10001011 
157 110001001 
158 11111101 
159 111100110 
160 10011 
161 10001010 
162 10110101 
163 11000101 
164 11111100 
165 111100001 
166 1111111010 
167 111100000 
168 111100011 
169 10011001 
170 1100110111 
171 110001000 
172 111100010 
173 110001011 
174 11111111 
175 10011000 
176 10110100 
177 11100010 
178 110001010 
179 101001000 
180 101001011 
181 110110101 
182 1001001 
183 101001010 
184 100110101 
185 10110111 
186 110110100 
187 11000100 
188 11111110 
189 10110110 
190 1001000 
191 10011011 
192 10110001 
193 111101101 
194 110110111 
195 10011010 
196 10110000 
197 11111001 
198 10000101 
199 110110110 
200 110110001 
201 11111000 
202 10110011 
203 11101101 
204 111101100 
205 1001011 
206 111101111 
207 11111011 
208 111101110 
209 10101101 
210 10000100 
211 1001010 
212 111101001 
213 100110100 
214 11000111 
215 111101000 
216 10000111 
217 10101100 
218 110110000 
219 10000110 
220 100110111 
221 11111010 
222 11100101 
223 100110110 
224 10101111 
225 10101110 
226 11100100 
227 100110001 
228 111101011 
229 11100111 
230 10000001 
231 11100110 
232 10110010 
233 110110011 
234 11100001 
235 10101001 
236 11100000 
237 10010000 
238 11100011 
239 10010 
240 100110000 
241 10000000 
242 11100010 
243 10000011 
244 11101 
245 11000110 
246 110101 
247 11000001 
248 11101100 
249 11101111 
250 100110011 
251 1101010 
252 11101110 
253 11101001 
254 1011000 
255 10101000 
256 10101011 
257 100110010 
258 10010011 
259 111000 
260 110100 
261 10010010 
262 1011011 
263 11100 
264 1011010 
265 11101000 
266 10000010 
267 10001101 
268 10101010 
269 111100 
270 100111101 
271 101 
272 11111 
273 110111 
274 11110 
275 111101010 
276 100111100 
277 11101101 
278 110001 
279 11101011 
280 100111111 
281 11001 
282 1011101 
283 1011100 
284 11000000 
285 10001100 
286 10111101 
287 11101010 
288 10001101 
289 11000 
290 1011111 
291 11011 
292 1111100101 
293 10110101 
294 10001111 
295 11000011 
296 11010 
297 110110 
298 11000010 
299 11101100 
300 11001101 
301 10001100 
302 101 
303 10001111 
304 100 
305 110001 
306 11101111 
307 10001110 
308 110000 
309 110011 
310 10001110 
311 11101110 
312 110101 
313 10110100 
314 110010 
315 10110111 
316 10001001 
317 100101 
318 10001001 
319 100111110 
320 100100 
321 10001000 
322 11101001 
323 111101 
324 100111001 
325 10001011 
326 11101000 
327 110110101 
328 100111000 
329 110110100 
330 11001100 
331 11101011 
332 111100 
333 11101010 
334 10111100 
335 111 
336 110110111 
337 110 
338 100000101 
339 1 
340 11001111 
341 11001110 
342 100111 
343 100110 
344 100000100 
345 110000 
346 100000111 
347 100001 
348 111111 
349 10001000 
350 111110 
351 10110110 
352 0 
353 10001010 
354 11 
355 100000 
356 10111111 
357 110110110 
358 10 
359 11001001 
360 10100101 
361 100011 
362 11010101 
363 10001011 
364 11001000 
365 10100100 
366 10001010 
367 111111 
368 10110001 
369 110110001 
370 10100111 
371 1011110 
372 110110000 
373 100010 
374 100111011 
375 100111010 
376 11001011 
377 110110011 
378 10110000 
379 10000101 
380 10111110 
381 110100 
382 11010100 
383 11010111 
384 110111 
385 1010101 
386 10000111 
387 11010110 
388 10110 
389 110110 
390 111110 
391 11001010 
392 1010100 
393 11010001 
394 10110011 
395 1010111 
396 11010000 
397 1010110 
398 10000100 
399 101001 
400 10101 
401 110110010 
402 110011 
403 10111101 
404 10110010 
405 111001 
406 101000 
407 111000 
408 111011 
409 10010101 
410 111001 
411 10100110 
412 101110101 
413 101110100 
414 10100001 
415 101110111 
416 111010 
417 10100000 
418 1100101 
419 10111001 
420 100000110 
421 101110110 
422 10100011 
423 10111000 
424 10100010 
425 110111101 
426 110111100 
427 10111011 
428 1100100 
429 1101 
430 110110010 
431 10111010 
432 10100101 
433 1111100100 
434 10100100 
435 1100110110 
436 100000001 
437 110111111 
438 1110101 
439 110111110 
440 100000000 
441 10100111 
442 1100110001 
443 110111001 
444 110111101 
445 110111100 
446 1100110000 
447 11000010000 
448 1001 
449 1000 
450 10100110 
451 101110001 
452 110111111 
453 101110000 
454 1110100 
455 100000011 
456 1100110011 
457 101110011 
458 110111000 
459 100000010 
460 10100001 
461 110111110 
462 110111011 
463 110111001 
464 100001101 
465 1111100111 
466 110111010 
467 1111100110 
468 1111100001 
469 10100000 
471 11000010011 
472 10100011 
473 110111000 
474 11000010010 
475 110111011 
476 1111100000 
477 1110111 
478 1100110010 
479 1111100011 
480 1100111101 
481 110111010 
482 1111100010 
483 11000011101 
485 101110010 
486 1111101101 
487 11000011100 
488 1111101100 
489 10100010 
490 10101101 
491 110100101 
492 10101100 
493 1100111100 
494 100101101 
495 10101111 
496 1111101111 
497 100101100 
498 11000011111 
499 1111101110 
500 1111101001 
501 1100111111 
502 1111101000 
503 110100101 
504 110100100 
505 110100111 
506 1100111110 
507 1111101011 
508 101111 
509 110100110 
510 100101111 
511 10101110 
512 110100001 
513 100101110 
514 101111001 
515 110100100 
516 110100111 
517 110100110 
518 1100111001 
519 1100111000 
520 1111101010 
521 1110110 
522 110100000 
523 110100011 
524 1110010101 
525 1110010100 
526 11001 
527 1110010111 
528 110100010 
529 1100111011 
530 100001100 
531 10101001 
532 11000 
533 1110010110 
534 110101101 
535 1110010001 
536 1110010000 
537 110101100 
538 1100111010 
539 10100001101 
540 1110010011 
541 1110010010 
542 10100001100 
543 11000011110 
544 10111001 
545 10101000 
546 10111000 
547 110101111 
548 10101011 
549 10101010 
550 10110011 
551 110101110 
552 101111000 
553 100000011 
554 1010000111 
555 1011101 
557 10000001001 
561 10000001000 
565 1000000101 
